structure(list(Age = c(40, 45, 60, 57, 66, 70, 44, 38, 35, 61, 
60, 58, 54, 67, 66, 62, 39, 48, 58, 32, 38, 53, 57, 41, 54, 49, 
48, 63, 35, 53, 50, 50, 35, 48, 60, 36, 50, 60, 50, 51, 38, 53, 
59, 39, 65, 40, 30, 35, 25, 50, 35, 65, 38, 50, 55, 47, 50, 48, 
35, 38, 28, 35, 45, 40, 36, 56, 30, 31, 35, 39, 48, 85, 90, 72, 
70, 69, 58, 47, 25, 39, 53, 68, 79, 55, 45, 34, 48, 35, 47, 38, 
55, 66, 57, 32, 48, 47, 30, 16, 35, 66, 54, 58, 51, 40, 47, 62, 
49, 53, 61, 39, 38, 44, 45, 50, 42, 55, 57, 62, 33, 48, 56, 38, 
28, 68, 35, 48, 40, 57, 41, 37, 49, 60, 63, 35, 30, 53, 50, 50, 
35, 40, 35, 48, 85, 90, 72, 70, 58, 64, 36, 31, 66, 58, 40, 28, 
37, 34, 60, 58, 54, 43, 40, 47, 45, 57, 72, 30, 43, 40, 55, 29, 
30, 47, 35, 50, 52, 26, 60, 72, 30, 45, 70, 35, 54, 30, 46, 53, 
42, 55, 39, 43, 35, 47, 50, 48, 35, 62, 33, 55, 48, 56, 28, 68, 
35, 45, 48, 57, 47, 45, 57, 72, 38, 43, 47, 45, 72, 30, 38, 43, 
30, 46, 42, 55, 48, 55, 39, 43, 35, 47, 61, 69, 40, 28, 30, 60, 
58, 54, 33, 36, 28, 34, 65, 64, 53, 56, 51, 59, 50, 30, 46, 53, 
42, 55, 48, 39, 43, 35, 47, 61, 58, 69, 40, 28, 34, 30, 67, 60, 
58, 54, 43, 55, 48, 56, 38, 28, 68, 45, 48, 40, 57, 47, 45, 57, 
27, 38, 43, 47, 62, 53, 68, 39, 38, 36, 43, 58, 56, 51, 59, 50, 
30, 46, 53, 43, 53, 47, 51, 59, 50, 30, 46, 53, 55, 47, 61, 67, 
43, 62, 54, 39, 48, 32, 42, 38, 53, 54, 49, 48, 60, 63, 35, 50, 
50, 40, 48, 60, 38, 28, 68, 35, 40, 57, 47, 45, 57, 72, 27, 38, 
43, 40, 45, 72, 30, 27, 38, 43, 40, 54, 30, 46, 53, 42, 55, 48, 
55, 39, 43, 50, 30, 46, 53, 64, 44, 36, 47, 68, 64, 66, 67, 70, 
44, 38, 35, 61, 60, 54, 67, 43, 62, 39, 58, 32), Gender = c(2, 
2, 2, 2, 2, 2, 2, 2, 2, 2, 2, 2, 2, 2, 2, 2, 2, 2, 2, 2, 2, 2, 
2, 2, 2, 2, 2, 2, 2, 1, 1, 1, 1, 1, 1, 1, 1, 1, 1, 1, 1, 1, 1, 
1, 1, 1, 1, 1, 1, 1, 1, 1, 1, 1, 1, 1, 1, 1, 1, 1, 1, 1, 1, 1, 
1, 1, 1, 1, 1, 1, 1, 2, 1, 2, 2, 1, 2, 2, 2, 1, 1, 1, 2, 1, 1, 
1, 2, 2, 2, 2, 2, 2, 2, 2, 2, 2, 2, 2, 2, 2, 2, 2, 2, 2, 2, 2, 
2, 2, 2, 2, 2, 2, 2, 2, 2, 2, 2, 2, 2, 2, 2, 1, 1, 1, 1, 1, 1, 
2, 2, 2, 2, 2, 2, 2, 1, 1, 1, 1, 1, 1, 1, 1, 2, 1, 2, 2, 2, 2, 
2, 2, 2, 1, 2, 2, 2, 2, 2, 2, 2, 2, 2, 2, 2, 2, 2, 2, 2, 2, 2, 
2, 2, 2, 2, 2, 2, 2, 2, 2, 2, 2, 2, 2, 2, 2, 2, 2, 2, 1, 1, 1, 
1, 1, 1, 1, 1, 2, 2, 2, 2, 2, 1, 1, 1, 1, 1, 2, 2, 2, 2, 2, 2, 
2, 2, 2, 2, 2, 2, 2, 2, 2, 2, 1, 1, 1, 1, 1, 1, 1, 1, 1, 2, 2, 
2, 2, 2, 2, 1, 1, 1, 1, 1, 2, 2, 2, 1, 1, 1, 2, 2, 2, 2, 1, 1, 
1, 1, 1, 1, 1, 1, 1, 2, 2, 2, 2, 2, 2, 2, 2, 2, 2, 2, 2, 1, 1, 
1, 1, 1, 1, 2, 2, 2, 2, 2, 2, 2, 2, 2, 2, 2, 2, 2, 2, 2, 2, 2, 
1, 1, 1, 2, 2, 2, 2, 2, 2, 1, 1, 1, 2, 2, 2, 1, 1, 1, 2, 2, 2, 
2, 2, 2, 2, 2, 2, 2, 2, 2, 2, 2, 2, 2, 1, 1, 1, 1, 1, 1, 1, 1, 
1, 1, 2, 2, 2, 2, 2, 2, 2, 2, 2, 2, 2, 2, 2, 2, 2, 2, 2, 2, 2, 
2, 2, 1, 1, 1, 1, 1, 1, 2, 2, 2, 2, 2, 2, 2, 1, 2, 2, 2, 2, 2, 
2, 2, 2, 2, 2, 2, 2, 1, 1, 1, 1), Polyuria = c(1, 1, 2, 2, 2, 
1, 2, 2, 2, 2, 2, 2, 2, 1, 2, 2, 2, 1, 2, 1, 1, 2, 2, 2, 2, 2, 
2, 2, 2, 1, 2, 1, 2, 1, 2, 2, 2, 1, 1, 1, 1, 1, 1, 2, 2, 2, 2, 
1, 1, 2, 1, 1, 2, 2, 2, 1, 2, 2, 2, 2, 1, 1, 1, 2, 2, 2, 2, 2, 
2, 2, 2, 2, 1, 2, 2, 2, 1, 2, 2, 2, 1, 2, 1, 2, 2, 2, 2, 2, 1, 
2, 2, 2, 2, 1, 2, 2, 2, 2, 2, 1, 1, 2, 2, 2, 2, 2, 2, 2, 2, 2, 
2, 1, 2, 2, 2, 1, 1, 2, 1, 2, 2, 2, 1, 2, 1, 2, 2, 2, 2, 1, 2, 
2, 2, 2, 2, 1, 2, 1, 2, 2, 2, 2, 2, 1, 2, 2, 1, 1, 2, 2, 1, 2, 
1, 1, 1, 1, 1, 1, 1, 1, 1, 1, 1, 1, 2, 1, 1, 1, 1, 1, 1, 1, 1, 
1, 1, 1, 1, 1, 1, 1, 1, 1, 1, 1, 1, 1, 1, 2, 2, 2, 2, 1, 2, 2, 
2, 2, 1, 2, 2, 2, 1, 2, 1, 1, 2, 2, 1, 1, 1, 2, 1, 1, 1, 1, 2, 
1, 1, 1, 1, 1, 1, 2, 2, 2, 2, 2, 2, 1, 2, 2, 1, 1, 1, 1, 1, 1, 
1, 1, 1, 1, 1, 1, 1, 1, 1, 1, 1, 1, 1, 1, 1, 2, 2, 2, 2, 2, 1, 
2, 2, 2, 1, 1, 1, 1, 2, 1, 1, 1, 1, 2, 2, 2, 2, 1, 2, 1, 2, 2, 
2, 1, 1, 1, 1, 1, 1, 2, 2, 2, 2, 2, 2, 1, 1, 1, 1, 1, 1, 1, 1, 
1, 1, 1, 1, 1, 1, 1, 1, 1, 1, 1, 2, 1, 2, 1, 2, 2, 2, 2, 1, 1, 
1, 1, 2, 2, 2, 2, 2, 2, 2, 2, 1, 2, 1, 2, 2, 1, 2, 1, 2, 2, 1, 
1, 1, 2, 1, 1, 1, 1, 1, 2, 1, 1, 1, 1, 1, 1, 1, 1, 1, 1, 2, 2, 
2, 2, 2, 1, 1, 1, 1, 1, 2, 1, 1, 2, 1, 2, 1, 2, 1, 1, 1, 1, 1, 
1, 1, 1, 2, 2, 2, 1), Polydipsia = c(2, 1, 2, 2, 2, 2, 2, 2, 
1, 2, 2, 2, 2, 2, 2, 2, 1, 2, 2, 1, 2, 2, 2, 2, 2, 2, 2, 2, 1, 
2, 2, 2, 2, 1, 2, 2, 2, 2, 2, 1, 1, 1, 1, 2, 2, 1, 2, 2, 1, 2, 
2, 1, 2, 2, 2, 1, 2, 2, 2, 2, 1, 1, 1, 2, 2, 2, 2, 2, 2, 2, 2, 
2, 2, 1, 1, 1, 2, 1, 2, 2, 1, 2, 2, 1, 2, 2, 2, 2, 2, 1, 2, 2, 
1, 2, 2, 2, 2, 1, 2, 1, 1, 2, 2, 1, 2, 2, 2, 1, 1, 2, 1, 2, 2, 
2, 2, 2, 2, 1, 2, 2, 1, 2, 1, 2, 1, 2, 2, 2, 2, 1, 2, 1, 2, 1, 
1, 2, 2, 2, 2, 2, 2, 2, 2, 2, 1, 1, 2, 2, 1, 1, 1, 1, 2, 1, 1, 
1, 1, 1, 1, 1, 1, 1, 1, 1, 1, 1, 1, 1, 1, 1, 1, 1, 1, 1, 1, 1, 
1, 1, 1, 1, 1, 1, 1, 1, 1, 1, 1, 2, 2, 2, 2, 1, 2, 2, 2, 1, 2, 
2, 2, 1, 1, 2, 1, 1, 2, 2, 1, 1, 1, 1, 1, 1, 1, 1, 1, 1, 1, 1, 
1, 1, 1, 2, 2, 2, 2, 2, 2, 1, 1, 2, 2, 1, 1, 1, 1, 1, 1, 1, 1, 
1, 1, 1, 1, 1, 1, 1, 1, 1, 1, 1, 1, 2, 2, 2, 2, 2, 1, 1, 1, 2, 
2, 1, 1, 1, 1, 1, 1, 1, 1, 2, 2, 1, 2, 1, 2, 1, 2, 2, 2, 1, 1, 
1, 1, 1, 1, 2, 2, 1, 2, 2, 1, 1, 1, 2, 1, 1, 1, 1, 1, 1, 1, 1, 
1, 1, 1, 1, 1, 1, 1, 1, 2, 1, 1, 2, 2, 2, 2, 1, 2, 1, 1, 2, 2, 
2, 2, 2, 1, 2, 1, 2, 2, 2, 1, 2, 2, 1, 2, 1, 2, 2, 1, 1, 1, 1, 
1, 1, 1, 1, 1, 1, 1, 1, 1, 1, 1, 1, 1, 1, 1, 1, 2, 2, 2, 2, 2, 
1, 1, 1, 1, 1, 1, 1, 1, 2, 1, 1, 1, 1, 1, 1, 1, 1, 1, 1, 1, 1, 
2, 2, 2, 1), sudden.weight.loss = c(1, 2, 2, 1, 2, 2, 1, 1, 1, 
2, 1, 1, 2, 1, 1, 1, 2, 2, 2, 1, 1, 2, 2, 2, 2, 1, 1, 2, 2, 2, 
2, 1, 2, 2, 2, 2, 2, 2, 2, 1, 1, 1, 1, 1, 1, 2, 1, 2, 1, 2, 2, 
1, 2, 2, 2, 2, 1, 1, 2, 2, 1, 1, 1, 1, 1, 1, 2, 2, 1, 1, 2, 2, 
2, 2, 2, 2, 2, 2, 1, 1, 2, 2, 2, 2, 1, 1, 1, 1, 1, 2, 2, 1, 1, 
1, 2, 2, 2, 2, 2, 1, 1, 2, 2, 1, 1, 1, 2, 2, 1, 1, 1, 1, 1, 2, 
1, 1, 1, 1, 1, 2, 2, 2, 1, 1, 1, 2, 2, 2, 2, 1, 1, 1, 2, 2, 2, 
2, 2, 1, 2, 2, 1, 2, 2, 2, 2, 2, 2, 1, 1, 1, 1, 2, 2, 2, 1, 1, 
1, 1, 2, 2, 1, 1, 1, 1, 1, 1, 1, 2, 1, 1, 2, 1, 2, 1, 1, 1, 1, 
1, 1, 1, 1, 1, 1, 1, 1, 1, 1, 2, 2, 2, 1, 2, 1, 1, 2, 1, 1, 2, 
2, 2, 1, 1, 1, 1, 2, 2, 1, 1, 1, 1, 1, 1, 1, 1, 1, 1, 1, 1, 1, 
1, 1, 2, 2, 2, 2, 2, 1, 2, 1, 2, 2, 2, 1, 1, 1, 2, 1, 1, 1, 2, 
1, 1, 1, 2, 1, 1, 1, 1, 1, 1, 1, 2, 2, 2, 2, 1, 2, 1, 2, 2, 2, 
2, 1, 1, 1, 1, 1, 2, 2, 2, 2, 2, 2, 1, 1, 1, 2, 2, 2, 1, 1, 1, 
1, 1, 1, 1, 1, 2, 1, 1, 1, 1, 1, 1, 2, 1, 1, 1, 1, 1, 1, 1, 1, 
1, 1, 1, 1, 1, 1, 1, 2, 2, 1, 1, 2, 1, 2, 2, 2, 1, 1, 1, 2, 2, 
1, 1, 1, 2, 2, 2, 1, 2, 2, 2, 2, 1, 1, 1, 2, 2, 1, 1, 1, 1, 1, 
1, 1, 2, 1, 1, 1, 1, 1, 1, 2, 1, 1, 1, 1, 1, 2, 2, 2, 2, 2, 1, 
1, 1, 1, 1, 2, 1, 1, 1, 1, 2, 1, 1, 1, 1, 1, 1, 2, 1, 1, 1, 2, 
2, 2, 1), weakness = c(2, 2, 2, 2, 2, 2, 2, 1, 1, 2, 2, 2, 2, 
2, 2, 2, 1, 2, 2, 1, 1, 2, 2, 2, 2, 2, 2, 2, 1, 1, 1, 2, 2, 2, 
2, 1, 2, 2, 2, 1, 1, 1, 1, 2, 2, 1, 1, 2, 2, 2, 2, 1, 2, 2, 1, 
2, 2, 2, 2, 2, 1, 1, 1, 2, 2, 2, 2, 2, 1, 1, 1, 2, 1, 2, 2, 2, 
2, 2, 1, 1, 2, 1, 2, 1, 2, 2, 2, 2, 1, 2, 2, 2, 2, 2, 2, 2, 2, 
1, 2, 2, 1, 2, 2, 1, 1, 1, 1, 1, 2, 1, 1, 1, 2, 2, 2, 2, 2, 2, 
1, 1, 2, 2, 1, 2, 1, 2, 2, 2, 2, 2, 2, 1, 2, 1, 2, 1, 1, 2, 2, 
2, 1, 1, 2, 1, 2, 2, 2, 1, 2, 1, 1, 1, 2, 1, 1, 1, 2, 1, 2, 1, 
2, 1, 1, 1, 1, 1, 2, 1, 2, 2, 2, 1, 2, 2, 2, 1, 2, 1, 2, 2, 2, 
2, 2, 1, 2, 2, 1, 1, 2, 2, 2, 2, 2, 2, 2, 2, 1, 2, 1, 2, 1, 2, 
1, 1, 2, 2, 1, 1, 1, 1, 1, 2, 1, 1, 1, 1, 1, 2, 1, 2, 1, 2, 2, 
1, 2, 2, 2, 2, 1, 2, 2, 1, 1, 2, 1, 2, 1, 2, 1, 1, 2, 2, 2, 2, 
1, 2, 2, 1, 2, 2, 1, 2, 2, 2, 2, 2, 2, 1, 1, 2, 2, 1, 1, 1, 2, 
2, 1, 2, 1, 2, 1, 2, 2, 1, 2, 1, 2, 2, 2, 1, 1, 1, 1, 1, 2, 1, 
1, 1, 1, 1, 1, 1, 2, 1, 2, 1, 2, 2, 1, 2, 2, 2, 2, 1, 1, 2, 2, 
1, 2, 2, 1, 2, 1, 2, 2, 2, 2, 1, 2, 1, 2, 1, 2, 2, 2, 2, 1, 2, 
1, 1, 2, 2, 2, 2, 2, 1, 2, 1, 2, 2, 1, 1, 1, 1, 1, 1, 2, 1, 1, 
1, 1, 1, 1, 2, 1, 2, 1, 2, 2, 1, 2, 2, 1, 2, 2, 2, 1, 2, 2, 2, 
2, 1, 1, 2, 2, 1, 1, 1, 1, 1, 1, 2, 1, 1, 2, 1, 2, 1, 2, 2),