structure(list(Age = c(40, 58, 41, 55, 66, 70, 38, 35, 61, 60, 
58, 54, 43, 62, 54, 39, 48, 52, 38, 53, 57, 41, 54, 49, 48, 60, 
35, 30, 53, 50, 50, 35, 40, 48, 60, 60, 35, 46, 50, 60, 50, 51, 
38, 66, 59, 39, 65, 35, 55, 60, 45, 40, 30, 35, 25, 40, 65, 50, 
55, 48, 55, 39, 43, 35, 50, 48, 35, 38, 28, 35, 45, 48, 40, 40, 
36, 31, 35, 48, 85, 90, 70, 69, 47, 25, 39, 53, 52, 68, 55, 45, 
65, 34, 48, 35, 47, 38, 55, 66, 57, 32, 48, 47, 30, 16, 66, 54, 
51, 40, 62, 49, 68, 61, 39, 38, 44, 45, 50, 55, 62, 33, 55, 48, 
56, 38, 28, 68, 45, 40, 41, 37, 49, 48, 60, 63, 30, 50, 50, 35, 
39, 48, 85, 90, 72, 70, 69, 58, 54, 64, 36, 43, 31, 66, 58, 69, 
28, 37, 67, 60, 58, 54, 43, 39, 40, 43, 49, 45, 30, 27, 43, 40, 
55, 68, 29, 37, 30, 45, 47, 35, 56, 50, 52, 26, 60, 65, 72, 30, 
65, 54, 46, 55, 48, 39, 43, 35, 47, 50, 48, 35, 62, 33, 55, 48, 
56, 38, 28, 68, 35, 45, 48, 40, 57, 72, 27, 43, 40, 45, 57, 72, 
30, 27, 43, 40, 54, 30, 46, 53, 42, 55, 48, 55, 39, 43, 47, 61, 
58, 69, 40, 28, 37, 34, 60, 54, 43, 33, 55, 36, 28, 34, 65, 64, 
44, 36, 43, 53, 47, 58, 51, 59, 50, 30, 46, 53, 42, 55, 39, 35, 
61, 58, 69, 40, 28, 37, 67, 54, 55, 48, 28, 68, 35, 45, 48, 40, 
57, 47, 45, 57, 72, 30, 27, 38, 43, 40, 62, 49, 53, 68, 61, 38, 
36, 43, 53, 47, 56, 51, 59, 50, 30, 46, 53, 44, 36, 43, 53, 47, 
58, 56, 50, 30, 46, 53, 55, 48, 55, 43, 47, 67, 66, 43, 62, 48, 
58, 52, 38, 57, 37, 54, 48, 60, 63, 35, 30, 53, 50, 35, 40, 48, 
68, 45, 48, 40, 57, 45, 72, 27, 38, 43, 40, 47, 57, 27, 38, 40, 
30, 46, 42, 48, 39, 43, 50, 30, 46, 53, 64, 44, 43, 53, 68, 64, 
70, 44, 35, 60, 58, 54, 66, 43, 62, 54, 48, 32), Gender = c(2, 
2, 2, 2, 2, 2, 2, 2, 2, 2, 2, 2, 2, 2, 2, 2, 2, 2, 2, 2, 2, 2, 
2, 2, 2, 2, 2, 1, 1, 1, 1, 1, 1, 1, 1, 1, 1, 1, 1, 1, 1, 1, 1, 
1, 1, 1, 1, 1, 1, 1, 1, 1, 1, 1, 1, 1, 1, 1, 1, 1, 1, 1, 1, 1, 
1, 1, 1, 1, 1, 1, 1, 1, 1, 1, 1, 1, 1, 1, 2, 1, 2, 1, 2, 2, 1, 
1, 2, 1, 1, 1, 1, 1, 2, 2, 2, 2, 2, 2, 2, 2, 2, 2, 2, 2, 2, 2, 
2, 2, 2, 2, 2, 2, 2, 2, 2, 2, 2, 2, 2, 2, 2, 2, 2, 1, 1, 1, 1, 
1, 2, 2, 2, 2, 2, 2, 1, 1, 1, 1, 1, 1, 2, 1, 2, 2, 1, 2, 2, 2, 
2, 2, 2, 2, 1, 1, 2, 2, 2, 2, 2, 2, 2, 2, 2, 2, 2, 2, 2, 2, 2, 
2, 2, 2, 2, 2, 2, 2, 2, 2, 2, 2, 2, 2, 2, 2, 2, 2, 2, 2, 2, 1, 
1, 1, 1, 1, 1, 1, 1, 1, 2, 2, 2, 2, 2, 1, 1, 1, 1, 1, 1, 1, 2, 
2, 2, 2, 2, 2, 2, 2, 2, 2, 2, 2, 2, 2, 2, 2, 2, 1, 1, 1, 1, 1, 
1, 1, 1, 1, 2, 2, 2, 2, 2, 2, 2, 1, 1, 1, 1, 1, 1, 2, 2, 2, 2, 
2, 2, 2, 1, 1, 1, 2, 2, 2, 2, 1, 1, 1, 1, 1, 1, 2, 2, 2, 2, 2, 
2, 2, 1, 1, 1, 1, 1, 1, 2, 2, 2, 2, 2, 2, 2, 2, 2, 2, 2, 2, 2, 
2, 2, 2, 2, 2, 2, 2, 2, 1, 1, 1, 2, 2, 2, 2, 2, 2, 2, 2, 2, 2, 
1, 2, 2, 2, 1, 1, 1, 1, 1, 2, 2, 2, 2, 2, 2, 2, 2, 2, 2, 2, 2, 
2, 2, 2, 1, 1, 1, 1, 1, 1, 1, 1, 1, 1, 2, 2, 2, 2, 2, 2, 2, 2, 
2, 2, 2, 2, 2, 2, 2, 1, 1, 1, 1, 2, 2, 2, 2, 2, 2, 2, 1, 2, 2, 
2, 2, 2, 2, 2, 2, 2, 1, 1, 1, 1), Polyuria = c(1, 1, 2, 2, 2, 
1, 2, 2, 2, 2, 2, 2, 2, 2, 2, 2, 1, 2, 1, 2, 2, 2, 2, 2, 2, 2, 
2, 2, 1, 2, 1, 2, 2, 1, 2, 2, 2, 2, 2, 1, 1, 1, 1, 2, 1, 2, 2, 
2, 2, 2, 1, 2, 2, 1, 1, 1, 1, 2, 2, 2, 2, 2, 2, 2, 2, 2, 2, 2, 
1, 1, 1, 2, 2, 2, 2, 2, 2, 2, 2, 1, 2, 2, 2, 2, 2, 1, 2, 2, 2, 
2, 2, 2, 2, 2, 1, 2, 2, 2, 2, 1, 2, 2, 2, 2, 1, 1, 2, 2, 2, 2, 
2, 2, 2, 2, 1, 2, 2, 1, 2, 1, 2, 2, 2, 2, 1, 2, 1, 2, 2, 1, 2, 
2, 2, 2, 2, 2, 1, 2, 2, 2, 2, 1, 2, 2, 2, 1, 2, 1, 2, 1, 2, 1, 
2, 2, 1, 1, 2, 1, 1, 1, 1, 1, 1, 1, 1, 1, 1, 1, 1, 1, 1, 1, 1, 
1, 1, 1, 1, 1, 1, 1, 1, 1, 1, 1, 1, 1, 2, 1, 1, 2, 2, 2, 2, 2, 
1, 2, 2, 2, 2, 1, 2, 2, 2, 2, 1, 2, 1, 1, 2, 2, 2, 2, 1, 1, 1, 
1, 1, 2, 1, 1, 1, 1, 1, 1, 1, 1, 1, 2, 2, 2, 2, 2, 1, 2, 2, 2, 
1, 1, 1, 1, 1, 1, 1, 1, 1, 1, 1, 1, 1, 1, 2, 1, 1, 1, 1, 1, 1, 
1, 1, 1, 1, 1, 1, 2, 2, 2, 2, 2, 2, 1, 1, 1, 2, 1, 2, 2, 1, 2, 
1, 1, 2, 2, 2, 1, 1, 1, 2, 1, 1, 1, 1, 1, 2, 2, 2, 2, 2, 2, 1, 
1, 1, 1, 1, 1, 1, 1, 1, 1, 1, 2, 1, 1, 1, 1, 1, 1, 1, 1, 1, 1, 
2, 2, 2, 2, 1, 1, 2, 2, 2, 1, 2, 2, 1, 2, 1, 2, 2, 2, 2, 2, 2, 
1, 2, 2, 2, 1, 2, 1, 2, 2, 2, 1, 2, 1, 1, 1, 1, 1, 1, 1, 1, 1, 
1, 1, 1, 2, 2, 2, 1, 1, 1, 1, 1, 2, 1, 1, 2, 1, 2, 1, 1, 1, 1, 
1, 1, 1, 2, 2, 2, 1), Polydipsia = c(2, 1, 1, 2, 2, 2, 2, 1, 
2, 2, 2, 2, 2, 2, 2, 1, 2, 2, 2, 2, 2, 2, 2, 2, 2, 1, 1, 1, 2, 
2, 2, 2, 2, 1, 2, 2, 2, 1, 2, 2, 2, 1, 1, 2, 1, 2, 2, 2, 2, 1, 
1, 1, 2, 2, 1, 1, 1, 2, 2, 2, 2, 2, 2, 2, 2, 2, 2, 2, 1, 1, 1, 
2, 2, 2, 2, 2, 2, 2, 2, 2, 1, 1, 1, 2, 2, 1, 2, 2, 1, 2, 2, 2, 
2, 2, 2, 1, 2, 2, 1, 2, 2, 2, 2, 1, 1, 1, 2, 1, 2, 2, 2, 1, 2, 
1, 2, 2, 2, 2, 1, 2, 2, 2, 1, 2, 1, 2, 1, 2, 2, 1, 2, 2, 1, 2, 
1, 2, 2, 2, 2, 2, 2, 2, 1, 1, 1, 2, 2, 2, 1, 1, 1, 1, 1, 2, 1, 
1, 1, 1, 1, 1, 1, 1, 1, 1, 2, 1, 1, 1, 1, 1, 1, 1, 1, 1, 1, 1, 
1, 1, 2, 1, 1, 1, 1, 1, 1, 1, 1, 1, 1, 2, 2, 2, 2, 2, 1, 2, 2, 
2, 1, 2, 2, 2, 1, 2, 1, 2, 1, 1, 2, 2, 2, 1, 1, 1, 1, 1, 1, 1, 
1, 1, 1, 1, 1, 1, 1, 1, 1, 2, 2, 2, 2, 2, 1, 1, 1, 2, 2, 1, 1, 
1, 1, 1, 1, 1, 1, 1, 1, 1, 1, 1, 1, 1, 1, 1, 1, 2, 1, 1, 1, 1, 
1, 1, 1, 2, 2, 2, 1, 1, 2, 2, 1, 1, 1, 1, 2, 2, 1, 2, 1, 1, 2, 
2, 2, 1, 1, 1, 1, 1, 1, 1, 1, 1, 2, 2, 1, 2, 1, 1, 1, 1, 1, 1, 
1, 1, 1, 1, 1, 1, 1, 1, 1, 1, 1, 1, 2, 1, 1, 1, 1, 1, 2, 2, 2, 
2, 1, 2, 2, 2, 2, 2, 2, 2, 2, 2, 1, 2, 2, 1, 2, 1, 1, 2, 2, 2, 
2, 1, 2, 1, 2, 2, 2, 1, 1, 1, 1, 1, 1, 1, 1, 1, 1, 1, 1, 1, 1, 
2, 2, 2, 1, 1, 1, 1, 1, 1, 1, 1, 2, 1, 1, 1, 1, 1, 1, 1, 1, 1, 
2, 2, 2, 1), sudden.weight.loss = c(1, 1, 1, 1, 2, 2, 1, 1, 2, 
1, 1, 2, 2, 1, 2, 2, 2, 2, 1, 2, 2, 2, 2, 1, 1, 1, 2, 2, 2, 2, 
1, 2, 2, 2, 2, 2, 2, 2, 2, 2, 2, 1, 1, 2, 1, 1, 1, 2, 1, 2, 1, 
2, 1, 2, 1, 2, 1, 2, 2, 2, 2, 2, 2, 1, 1, 1, 2, 2, 1, 1, 1, 2, 
2, 1, 1, 2, 1, 2, 2, 2, 2, 2, 2, 1, 1, 2, 2, 2, 2, 2, 1, 1, 1, 
1, 1, 2, 2, 1, 1, 1, 2, 2, 2, 2, 1, 1, 2, 1, 1, 2, 1, 1, 1, 1, 
1, 1, 2, 1, 1, 1, 2, 2, 2, 2, 1, 1, 1, 2, 2, 1, 1, 1, 1, 2, 2, 
2, 1, 1, 1, 2, 2, 2, 2, 2, 2, 2, 1, 1, 1, 2, 1, 1, 2, 2, 2, 1, 
1, 1, 1, 2, 2, 1, 1, 1, 1, 1, 1, 1, 1, 2, 1, 1, 1, 1, 2, 1, 1, 
2, 1, 1, 1, 1, 1, 1, 1, 1, 1, 1, 1, 2, 2, 2, 2, 1, 2, 1, 1, 2, 
1, 1, 2, 2, 2, 2, 1, 1, 1, 1, 2, 2, 2, 1, 1, 1, 2, 1, 1, 1, 1, 
1, 1, 2, 1, 1, 1, 1, 1, 2, 2, 2, 2, 2, 2, 1, 2, 2, 2, 2, 1, 1, 
1, 2, 2, 1, 1, 1, 1, 2, 1, 1, 2, 1, 1, 1, 1, 1, 1, 1, 1, 1, 1, 
1, 1, 2, 2, 1, 1, 2, 2, 2, 2, 1, 1, 2, 2, 2, 1, 1, 1, 1, 2, 2, 
2, 1, 1, 1, 1, 1, 1, 1, 1, 2, 1, 2, 2, 1, 1, 1, 1, 1, 1, 1, 2, 
1, 1, 1, 1, 1, 1, 2, 1, 1, 1, 1, 1, 2, 1, 1, 1, 1, 2, 2, 2, 2, 
2, 1, 1, 2, 1, 2, 2, 2, 1, 2, 1, 2, 1, 1, 2, 2, 2, 2, 2, 2, 2, 
2, 1, 1, 2, 2, 2, 1, 1, 1, 1, 1, 2, 1, 1, 1, 1, 2, 1, 1, 1, 2, 
2, 2, 1, 1, 1, 1, 1, 2, 1, 1, 1, 1, 1, 1, 1, 2, 1, 1, 1, 1, 2, 
2, 2, 1), weakness = c(2, 2, 2, 2, 2, 2, 1, 1, 2, 2, 2, 2, 2, 
2, 2, 1, 2, 2, 1, 2, 2, 2, 2, 2, 2, 1, 1, 2, 1, 1, 2, 2, 2, 2, 
2, 2, 2, 2, 2, 2, 2, 1, 1, 2, 1, 2, 2, 2, 2, 2, 1, 1, 1, 2, 2, 
2, 1, 2, 2, 2, 1, 2, 2, 2, 2, 2, 2, 2, 1, 1, 1, 2, 2, 2, 2, 2, 
1, 1, 2, 1, 2, 2, 2, 1, 1, 2, 1, 1, 1, 2, 2, 2, 2, 2, 1, 2, 2, 
2, 2, 2, 2, 2, 2, 1, 2, 1, 2, 1, 1, 1, 1, 2, 1, 1, 1, 2, 2, 2, 
2, 1, 2, 1, 2, 2, 1, 2, 1, 2, 2, 2, 2, 2, 1, 2, 2, 1, 2, 1, 1, 
1, 2, 1, 2, 2, 2, 2, 1, 1, 2, 2, 1, 1, 1, 2, 1, 1, 2, 2, 1, 2, 
1, 2, 2, 1, 1, 1, 1, 1, 2, 1, 2, 2, 2, 1, 2, 2, 1, 2, 2, 2, 2, 
1, 2, 2, 1, 2, 1, 2, 2, 2, 2, 2, 2, 2, 2, 2, 2, 2, 2, 1, 2, 1, 
2, 2, 1, 2, 1, 1, 2, 2, 2, 1, 1, 2, 1, 1, 1, 1, 1, 1, 2, 1, 2, 
1, 2, 2, 1, 2, 2, 1, 2, 2, 2, 1, 1, 2, 2, 1, 1, 1, 2, 2, 1, 1, 
2, 2, 1, 1, 2, 2, 2, 1, 2, 2, 1, 1, 1, 2, 2, 1, 2, 2, 1, 1, 2, 
2, 1, 1, 2, 2, 1, 1, 2, 2, 2, 1, 1, 2, 1, 1, 2, 2, 2, 1, 1, 1, 
1, 1, 1, 1, 2, 1, 1, 1, 1, 1, 2, 1, 1, 2, 2, 1, 2, 1, 2, 2, 1, 
2, 2, 2, 1, 2, 2, 1, 1, 2, 2, 1, 2, 2, 2, 2, 1, 2, 2, 2, 2, 2, 
2, 2, 2, 2, 1, 2, 2, 2, 2, 1, 2, 1, 2, 1, 1, 2, 2, 2, 2, 1, 2, 
2, 2, 1, 1, 1, 1, 2, 1, 1, 1, 1, 1, 1, 1, 2, 1, 2, 2, 2, 2, 1, 
2, 2, 2, 2, 2, 2, 2, 2, 1, 1, 1, 1, 2, 1, 2, 1, 2, 2, 2, 2),