structure(list(Age = structure(c(-0.660730660562683, 0.820572089824554, 
-0.578436063318948, -0.249257674344006, 0.985161284312024, 0.573688298093348, 
0.738277492580818, 1.47892886777444, 1.56122346501817, 1.80810725674938, 
-0.331552271587741, -0.825319855050154, -1.07220364678136, 1.06745588155576, 
0.985161284312024, 0.820572089824554, 0.491393700849612, 1.56122346501817, 
1.47892886777444, -0.413846868831477, 1.14975047879949, 0.491393700849612, 
-0.743025257806418, -0.00237388261280001, 0.820572089824554, 
-1.31908743851257, -0.496141466075212, 0.326804506362141, -0.825319855050154, 
0.409099103605877, 0.738277492580818, -0.578436063318948, -0.907614452293889, 
0.491393700849612, 0.0799207146309353, -0.00237388261280001, 
0.985161284312024, 1.23204507604323, -1.07220364678136, -1.48367663300004, 
0.409099103605877, 0.162215311874671, 0.162215311874671, -1.07220364678136, 
-0.660730660562683, -0.00237388261280001, 0.985161284312024, 
0.985161284312024, -1.07220364678136, -0.166963077100271, -0.989909049537624, 
0.162215311874671, 0.985161284312024, 0.162215311874671, 0.244509909118406, 
-0.825319855050154, 1.47892886777444, 0.409099103605877, 0.902866687068289, 
-0.743025257806418, 1.3966342705307, -1.07220364678136, 0.573688298093348, 
0.985161284312024, -0.249257674344006, -0.660730660562683, -1.48367663300004, 
-1.07220364678136, -1.89514961921871, 0.162215311874671, -0.660730660562683, 
-1.07220364678136, 1.3966342705307, -0.825319855050154, 0.162215311874671, 
0.573688298093348, -0.00237388261280001, 0.573688298093348, -0.743025257806418, 
-0.413846868831477, -1.07220364678136, -0.0846684798565354, 0.162215311874671, 
-0.00237388261280001, -1.07220364678136, 0.0799207146309353, 
-0.825319855050154, -1.64826582748751, 1.64351806226191, -1.07220364678136, 
-0.249257674344006, -0.00237388261280001, -0.660730660562683, 
-0.660730660562683, -0.989909049537624, 0.655982895337083, -1.48367663300004, 
-1.4013820357563, -1.07220364678136, -0.743025257806418, -0.00237388261280001, 
3.04252621540541, 3.45399920162409, 1.97269645123685, 1.80810725674938, 
1.72581265950564, 0.820572089824554, -0.0846684798565354, -1.89514961921871, 
-0.743025257806418, 0.409099103605877, 0.326804506362141, 1.64351806226191, 
2.548758631943, 0.573688298093348, -0.249257674344006, -1.48367663300004, 
-0.249257674344006, 1.3966342705307, -1.1544982440251, -0.00237388261280001, 
-1.07220364678136, -0.660730660562683, -0.0846684798565354, -0.825319855050154, 
0.573688298093348, 1.47892886777444, 0.738277492580818, -1.31908743851257, 
-0.00237388261280001, -0.0846684798565354, -0.413846868831477, 
-1.48367663300004, -2.63580099441233, -1.07220364678136, 1.47892886777444, 
0.491393700849612, 0.820572089824554, 0.244509909118406, -0.660730660562683, 
-0.0846684798565354, 1.14975047879949, 0.0799207146309353, 0.409099103605877, 
1.64351806226191, 1.06745588155576, -0.743025257806418, -0.825319855050154, 
-0.331552271587741, -0.249257674344006, 0.162215311874671, -0.496141466075212, 
0.573688298093348, 0.738277492580818, 1.14975047879949, -1.23679284126883, 
0.573688298093348, -0.00237388261280001, 0.655982895337083, -0.825319855050154, 
-1.64826582748751, 1.64351806226191, -1.07220364678136, -0.249257674344006, 
-0.00237388261280001, -0.660730660562683, 0.738277492580818, 
-0.578436063318948, -0.907614452293889, 0.491393700849612, 0.0799207146309353, 
-0.00237388261280001, 0.985161284312024, 1.23204507604323, -1.07220364678136, 
-1.48367663300004, 0.409099103605877, 0.162215311874671, 0.162215311874671, 
-1.07220364678136, -0.660730660562683, -1.4013820357563, -1.07220364678136, 
-0.743025257806418, -0.00237388261280001, 3.04252621540541, 3.45399920162409, 
1.97269645123685, 1.80810725674938, 1.72581265950564, 0.820572089824554, 
0.491393700849612, 1.31433967328697, -0.989909049537624, -0.413846868831477, 
-1.4013820357563, 1.47892886777444, 1.06745588155576, 0.820572089824554, 
1.72581265950564, -0.660730660562683, -1.64826582748751, -0.907614452293889, 
-1.1544982440251, -1.48367663300004, 1.56122346501817, 0.985161284312024, 
0.820572089824554, 0.491393700849612, -0.413846868831477, -0.743025257806418, 
-0.660730660562683, -0.413846868831477, 0.0799207146309353, -0.0846684798565354, 
-0.249257674344006, 0.738277492580818, 1.97269645123685, -1.48367663300004, 
-1.73056042473124, -0.825319855050154, -0.413846868831477, -0.660730660562683, 
0.573688298093348, 1.64351806226191, -1.56597123024377, -0.907614452293889, 
-1.48367663300004, -0.249257674344006, -0.0846684798565354, -1.07220364678136, 
-1.31908743851257, 0.655982895337083, 0.162215311874671, 0.326804506362141, 
-1.81285502197498, 0.985161284312024, 1.3966342705307, 1.97269645123685, 
-1.48367663300004, -0.249257674344006, 1.3966342705307, 1.80810725674938, 
-1.07220364678136, 0.491393700849612, -1.48367663300004, -0.166963077100271, 
0.409099103605877, -0.496141466075212, 0.573688298093348, -0.00237388261280001, 
0.573688298093348, -0.743025257806418, -0.413846868831477, -1.07220364678136, 
-0.0846684798565354, 0.162215311874671, -0.00237388261280001, 
-1.07220364678136, 1.14975047879949, -1.23679284126883, 0.573688298093348, 
-0.00237388261280001, 0.655982895337083, -0.825319855050154, 
-1.64826582748751, 1.64351806226191, -1.07220364678136, -0.249257674344006, 
-0.00237388261280001, -0.660730660562683, 0.738277492580818, 
-0.0846684798565354, -0.249257674344006, 0.738277492580818, 1.97269645123685, 
-1.48367663300004, -1.73056042473124, -0.825319855050154, -0.413846868831477, 
-0.660730660562683, -0.0846684798565354, -0.249257674344006, 
0.738277492580818, 1.97269645123685, -1.48367663300004, -1.73056042473124, 
-0.825319855050154, -0.413846868831477, -0.660730660562683, 0.491393700849612, 
-1.48367663300004, -0.166963077100271, 0.409099103605877, -0.496141466075212, 
0.573688298093348, -0.00237388261280001, 0.573688298093348, -0.743025257806418, 
-0.413846868831477, -1.07220364678136, -0.0846684798565354, 1.06745588155576, 
0.820572089824554, 1.72581265950564, -0.660730660562683, -1.64826582748751, 
-0.907614452293889, -1.1544982440251, -1.48367663300004, 1.56122346501817, 
0.985161284312024, 0.820572089824554, 0.491393700849612, -0.413846868831477, 
-1.23679284126883, 0.573688298093348, -0.989909049537624, -1.64826582748751, 
-1.1544982440251, 1.3966342705307, -1.1544982440251, 1.31433967328697, 
-0.331552271587741, -0.989909049537624, -0.413846868831477, 0.409099103605877, 
-0.0846684798565354, 0.820572089824554, 0.655982895337083, 0.244509909118406, 
0.902866687068289, 0.162215311874671, -1.48367663300004, -0.166963077100271, 
0.409099103605877, -0.496141466075212, 0.573688298093348, -0.00237388261280001, 
0.573688298093348, -0.743025257806418, -0.413846868831477, -1.07220364678136, 
-0.0846684798565354, 1.06745588155576, 0.820572089824554, 1.72581265950564, 
-0.660730660562683, -1.64826582748751, -0.907614452293889, -1.1544982440251, 
-1.48367663300004, 1.56122346501817, 0.985161284312024, 0.820572089824554, 
0.491393700849612, -0.413846868831477, -1.23679284126883, 0.573688298093348, 
-0.00237388261280001, 0.655982895337083, -0.825319855050154, 
-1.64826582748751, 1.64351806226191, -1.07220364678136, -0.249257674344006, 
-0.00237388261280001, -0.660730660562683, 0.738277492580818, 
-0.0846684798565354, -0.249257674344006, 0.738277492580818, 1.97269645123685, 
-1.48367663300004, -1.73056042473124, -0.825319855050154, -0.413846868831477, 
-0.660730660562683, -0.0846684798565354, 1.14975047879949, 0.0799207146309353, 
0.409099103605877, 1.64351806226191, 1.06745588155576, -0.743025257806418, 
-0.825319855050154, -0.331552271587741, -0.989909049537624, -0.413846868831477, 
0.409099103605877, -0.0846684798565354, 0.820572089824554, 0.655982895337083, 
0.244509909118406, 0.902866687068289, 0.162215311874671, -1.48367663300004, 
-0.166963077100271, 0.409099103605877, 1.31433967328697, -0.331552271587741, 
-0.989909049537624, -0.413846868831477, 0.409099103605877, -0.0846684798565354, 
